100
113
110
85
105
102
86
63
81
101
94
106
101
79
94
1
78
34
124
356
134
64
234
457
34
456
34
456
34
346
135
26
234
35
13
13
41
34
366
134
135
134
135
36
341
341
42
513
44
14
13
54
11
31
63
34
57
23
51
13
72
47
22
315
12
742
72
13
13
67
72
87
93
67
74
31
25
63
46
23
42
11
34
23
36
72
62
64
28
97
81
91
22
27
45
60
72
98
76
76
82
34
51
33
53
46
97
45
78
94
43
51
85
41
27
74
96
79
87
35
13
46
87
20
1000
135
134
135
36
341
341
42
513
44
14
13
54
11
31
63
34
57
23
51
13
72
47
22
315
12
742
72
13
13
67
72
87
93
67
74
31
25
63
46
23
42
11
34
23
36
72
62
64
28
97
81
91
22
27
45
60
72
98
76
76
82
34
51
33
53
46
97
45
78
94
43
51
85
41
27
74
96
79
87
35
13
46
87
20
135
134
135
36
341
341
42
513
44
14
13
54
11
31
63
34
57
23
51
13
72
47
22
315
12
742
72
13
13
67
72
87
93
67
74
31
25
63
46
23
42
11
34
23
36
72
62
64
28
97
81
91
22
27
45
60
72
98
76
76
82
34
51
33
53
46
97
45
78
94
43
51
85
41
27
74
96
79
87
35
13
46
87
20
135
134
135
36
341
341
42
513
44
14
13
54
11
31
63
34
57
23
51
13
72
47
22
315
12
742
72
13
13
67
72
87
93
67
74
31
25
63
46
23
42
11
34
23
36
72
62
64
28
97
81
91
22
27
45
60
72
98
76
76
82
34
51
33
53
46
97
45
78
94
43
51
85
41
27
74
96
79
87
35
13
46
87
20